Template: NONE
Clouds: 0.25
Grime: 0.2067367
Palette: 2
EffectColorA: 3
EffectColorB: 2
PlacedObjects: CustomDecal><-21.12732><-68.40424><-79~624~406~556~381~-16~1074~462~0~1~0~rust2~0.326087~1~0.326087~1~0.326087~1~0.326087~1, LightSource><347.8422><616.0725><0.09782609~Environment~515~-534~-407~-12.39746~1~1~None~0~0, CustomDecal><128.1897><-70.3093><-137~722~1083~862~778~-93~924~441~0~1~0~greybones~0.1521739~1~0.1521739~1~0.1521739~1~0.1521739~1, CustomDecal><142.2701><59.10927><-43.55313~658.8~487.6188~653.5555~281.4854~-113.0667~-272.5927~72.55554~0~1~0~lilowl~0.07028995~1~0.07028995~1~0.07028995~1~0.07028995~1, CustomDecal><334.3293><75.8499><-222.6864~644.4445~897.3073~640.1777~972.7219~-125.8667~-491.6177~63.28894~0~1~0~greybones~0.1752041~1~0.1752041~1~0.1752041~1~0.1752041~1, CustomDecal><189.0409><56.52132><-176.4417~653.6889~1046.714~660.8~1115.014~-103.1111~-288.1406~60.44443~0~1~0~rust2~0.1752037~1~0.1752037~1~0.1752037~1~0.1752037~1, 
FadePalette: 3, 0.06813862
