Template: NONE
Clouds: 0.1086956
Grime: 0.2282609
Palette: 2
EffectColorA: 10
EffectColorB: 2
Effects: SkyBloom-0.5869565-20-20, 
PlacedObjects: LightSource><1520.322><348.8134><0.3152174~Environment~149~92~574~-364.3975~1~0~None~0~0, LightSource><1624.196><675.4607><0.1086956~Environment~278~-811~476~-707.3975~1~1~None~0~0, CustomDecal><1182.382><93.85036><-36~173~241~207~248~-1~886~301~0.2173913~1~0~bluebrown~0.8043478~0.173913~0.8478261~0.173913~0~0.173913~0.2717391~0.173913, CustomDecal><1100.318><1.082962><-231~631~1122~761~948~-17~964~371~0~1~0~rust3~0.173913~1~0.173913~1~0.173913~1~0.173913~1, CustomDecal><1092.657><1.62294><-230~829~1232~650~954~-60~975~346~0~1~0~greybones~0.1304348~1~0.1304348~1~0.1304348~1~0.1304348~1, FairyParticleSettings><953.8118><357.3184><6~-750.3398~0~1~1~0~1~4~60~180~40~100~5~30~0~360~0.5~0.7~1~1~0.5~1~0.5~0.75~4~Pixel~SIN_IO~SIN_IO~80~0.5~0, FairyParticleSettings><1205.829><106.8548><-185~-540.3398~0~1~1~0~1~4~60~180~40~100~5~30~0~360~0.5~0.7~1~1~0.5~1~0.5~0.75~4~Pixel~SIN_IO~SIN_IO~80~0.5~0, CustomDecal><1152.571><108.839><-11~111~151~133~165~-10~914~220~0.2173913~1~0~whitejunk2~0.3369565~0~0.3369565~0~0.3369565~0~0.3369565~0, CustomDecal><1951.852><144.3652><-24~107~252~116~288~-41~114~164~0.1956522~1~0~crudegrey~0.4021739~0~0.4021739~0~0.4021739~0~0.4021739~0, CustomDecal><1885.092><131.4276><-106~110~183~149~183~-21~185~157~0.2282609~1~0~junkgraffiti2~0.4130435~0.25~0.4130435~0.25~0.4130435~0.25~0.4130435~0.25, LightSource><751.5562><645.7006><0.1304348~Environment~-468~-296~-796~-128.3975~1~1~None~0~0, LightSource><223.1514><364.1307><0.5217391~Environment~169~50~-268~130.6026~1~0~None~0~0, CustomDecal><212.8005><38.76442><-206~715~459~712~479~-66~-253~-174~0~1~0~rust2~0.326087~1~0.326087~1~0.326087~1~0.326087~1, CustomDecal><356.0678><146.5826><-198~493~465~445~685~-256~-395~-307~0~1~0~whitejunk2~0.1304348~1~0.1304348~1~0.06521739~1~0.05434782~1, CustomDecal><1266.054><40.95874><-135~623~663~726~598~-19~803~224~0~1~0~runningwhite~0.2173913~1~0.2173913~1~0.1086956~1~0.07608695~1, 
AmbientSounds: OMNI><AM_ENV-LightWind.ogg><156.3011><520.0209><0.3152174><1, OMNI><AM_IND-Fabrik01.ogg><88.79266><441.6954><0.05434782><1, OMNI><AM_IND-Utility02.ogg><747.6486><457.1338><0.2717391><1.097826, OMNI><AM_IND-Utility04.ogg><518.6448><332.6379><0.1086956><1, 
FadePalette: 3, 0.0326087, 0
