Template: NONE
Clouds: 0.1086956
Grime: 0.2717391
Palette: 2
EffectColorA: 10
EffectColorB: 2
PlacedObjects: LightSource><378.4449><706.795><0.1086956~Environment~287~-782~519.9999~-122.3975~1~1~None~0~0, CustomDecal><-70.04584><58.94467><-136~824~1197~809~616~-137~964.9999~224~0~1~0~brainghosts~0.1304348~1~0.1304348~1~0.1304348~1~0.1304348~1, CustomDecal><35.0502><124.0088><-14~602~723~526~567~-239~859~139~0~1~0~neoneye~0.06521739~1~0.06521739~1~0.06521739~1~0.06521739~1, CustomDecal><538.3019><137.4724><-7~118~154~127~147~-10~355~105~0~1~0~junkgraffiti3~0.4130435~0.09782609~0.6630435~0.09782609~0.6630435~0.09782609~0.4456522~0.09782609, CustomDecal><-153.614><38.58565><-26~852~1185~840~966~-95~1053~184~0.25~1~0.3586957~hugeorange~0.09782609~1~0.09782609~1~0.09782609~1~0.09782609~1, CustomDecal><588.6989><120.2283><-37~145~193~190~204~-16~311~77~0.3043478~1~0~boxbird~0.1956522~0.1956522~0.1956522~0.1956522~0.1956522~0.1956522~0.1956522~0.1956522, 
FadePalette: 3, 0.1086956
