Template: NONE
Clouds: 0
Grime: 0.1304348
Palette: 3
EffectColorA: 5
EffectColorB: 13
Effects: SkyAndLightBloom-0.08695652-20-20, 
PlacedObjects: CustomDecal><-19.63068><136.5895><17~492~455~564~415~-19~910.0001~239~0~1~0~rust3~0.2717391~1~0.2717391~1~0.2717391~1~0.2717391~1, LightSource><285.1458><464.863><0.4130435~Environment~167~-49~-502~7.602539~1~0~None~0~0, LightSource><385.689><463.1905><0.4021739~Environment~102~122~-597~-21.39746~1~0~None~0~0, LightSource><539.0564><477.5502><0.06521739~EffectColor1~69~92~-756~-136.3975~1~0~None~0~0, LightSource><457.0577><483.6951><0.07608695~EffectColor1~5~121~-697~-183.3975~0~0~None~0~0, LightSource><628.6895><490.5638><0.05434782~EffectColor1~37~117~-868~-223.3975~1~0~None~0~0, CustomDecal><-113.3491><-33.07626><36~914~1203~760~1185~1~1007~380~0~1~0~greybones~0.1195652~1~0.1195652~1~0.1195652~1~0.1195652~1, CustomDecal><336.6952><24.79362><6~131~183~150~219~-29~546~298~0~1~0~fat tag~0.2717391~0.1956522~0.2065217~0.1956522~0.2173913~0.1956522~0.1413043~0.1956522, CustomDecal><718.8><404.2518><-7~210~176~185~205~-60~177~-106~0.25~1~0~crywhale~0.3369565~0.1086956~0.3369565~0.1086956~0.3369565~0.1086956~0.3369565~0.1086956, 
FadePalette: 2, 0.08695652
