Template: NONE
Clouds: 0.3711956
Grime: 0.2834692
Palette: 2
EffectColorA: 3
EffectColorB: 2
PlacedObjects: CustomDecal><5.387947><122.3462><-159.3667~720.5333~1087.267~719.1111~1267.266~-155.0222~-196.3625~3.555588~0~1~0~greybones~0.08240493~1~0.08240493~1~0.08240493~1~0.08240493~1, CustomDecal><308.9727><154.7088><-42.6875~75.55556~268.3781~158.7556~308.9313~-50.48888~-460.3135~-29.15558~0.2474637~1~0~junkgraffiti5~0.5077329~0.1546651~0.6469315~0.1546651~0.6469315~0.1546651~0.4149342~0.1546651, CustomDecal><146.9261><38.28367><-68.30002~695.6444~827.5844~694.2222~952.801~-71.11113~-271.0657~177.7777~0~1~0~flyingeye~0.1056041~1~0.1056041~1~0.1056041~1~0.1056041~1, CustomDecal><2.858772><200.5371><19.20938~630.9333~757.15~660.0889~620.55~-90.31111~-145.1375~-17.06667~0~1~0~rust3~0.21387~1~0.21387~1~0.21387~1~0.21387~1, CustomDecal><1344.278><292.5874><-5.691681~394.1333~510.274~395.5555~527.3489~-70.39999~706.4781~62.5777~0.61866~1~0~skull_egg~0~0.1855976~0.6674702~0.1855976~0.6597366~0.1855976~0.5050719~0.1855976, CustomDecal><1103.963><102.3372><14.22917~752.5333~1036.042~752.5333~1088.69~-5.688889~939.125~267.3777~0~1~0~rust3~0.2602695~1~0.2602695~1~0.2602695~1~0.2602695~1, CustomDecal><964.1473><44.22255><37.70721~630.2222~1070.903~682.8445~1068.769~-117.3333~1100.626~304.3555~0~1~0~idk~0.110676~1~0.110676~1~0.110676~1~0.110676~1, CustomDecal><1174.95><56.02786><-216.9948~678.5778~1055.251~677.8666~849.6395~-86.75555~867.2678~307.2~0~1~0~greybones~0.07467154~1~0.07467154~1~0.07467154~1~0.07467154~1, CustomDecal><1143.642><282.9873><0~111.1111~174.4656~146.6667~129.6437~-17.06665~919.204~72.53333~0.5954596~1~0~goblincrude~0~0.5954596~0.7757363~0.5954596~0.7757363~0.5954596~0.404541~0.5954596, LightSource><1694.493><723.2431><0.06427731~Environment~214.8604~-612.5333~352.3698~-741.8419~1~1~None~0~0, LightSource><1184.971><731.5737><0.1029438~Environment~431.8552~-338.0444~865.3313~-771.7086~1~1~None~0~0, LightSource><562.5468><731.002><0.1106773~Environment~-588.3761~-471.7333~-579.6406~-840.6863~1~1~None~0~0, 
FadePalette: 3, 0, 0
